#1 - TK_1.1
0.125 0.035 0.09 20.1
0.125 0.035 0.09 19.7
0.125 0.035 0.09 20.1
0.125 0.035 0.09 20.1
#2 - TK_1.2
0.125 0.035 0.03 21.2
0.125 0.035 0.03 20.8
0.125 0.035 0.03 21.3
0.125 0.035 0.03 21.2
#5 - TK_1.5
0.125 0.105 0.09 21.2
0.125 0.105 0.09 20.8
0.125 0.105 0.09 21.2
0.125 0.105 0.09 21.2
#6 - TK_1.6
0.125 0.105 0.03 21.2
0.125 0.105 0.03 20.8
0.125 0.105 0.03 21.3
0.125 0.105 0.03 21.2
#3 - TK_1.3
0.375 0.035 0.09 21.2
0.375 0.035 0.09 20.8
0.375 0.035 0.09 21.3
0.375 0.035 0.09 21.2
#4 - TK_1.4
0.375 0.035 0.03 21.2
0.375 0.035 0.03 20.8
0.375 0.035 0.03 21.3
0.375 0.035 0.03 21.2
#7 - TK_1.7
0.375 0.105 0.09 21.2
0.375 0.105 0.09 20.8
0.375 0.105 0.09 21.3
0.375 0.105 0.09 21.2
#8 - TK_1.8
0.375 0.105 0.03 21.2
0.375 0.105 0.03 20.8
0.375 0.105 0.03 21.3
0.375 0.105 0.03 21.2
